6
10.fsa      0.00000000 5088.00000000 5091.00000000 4589.00000000 4212.00000000 6303.00000000
17.fsa      5088.00000000 0.00000000 1070.00000000 1424.00000000 1333.00000000 1364.00000000
46.fsa      5091.00000000 1070.00000000 0.00000000 876.00000000 618.00000000 605.00000000
48.fsa      4589.00000000 1424.00000000 876.00000000 0.00000000 661.00000000 1167.00000000
56.fsa      4212.00000000 1333.00000000 618.00000000 661.00000000 0.00000000 720.00000000
59.fsa      6303.00000000 1364.00000000 605.00000000 1167.00000000 720.00000000 0.00000000
